n_docs: 42269
n_docs_sampled: 10000
n_tokens_sum: 1593351
n_tokens_avg: 159.3351
n_tokens_median: 121.0
n_tokens_std: 172.44358928976953
n_tokens_lower_quartile: 72.0
n_tokens_upper_quartile: 198.0
n_sents_sum: 92420
n_sents_avg: 9.242
n_sents_median: 7.0
n_sents_std: 7.793735319538579
n_sents_lower_quartile: 4.0
n_sents_upper_quartile: 12.0
