n_docs: 171332
n_docs_sampled: 10000
n_tokens_sum: 1498009
n_tokens_avg: 149.8009
n_tokens_median: 154.0
n_tokens_std: 211.59610003529133
n_tokens_lower_quartile: 19.0
n_tokens_upper_quartile: 236.0
n_sents_sum: 69946
n_sents_avg: 6.9946
n_sents_median: 7.0
n_sents_std: 6.112307818711936
n_sents_lower_quartile: 1.0
n_sents_upper_quartile: 11.0
