n_docs: 37637
n_docs_sampled: 10000
n_tokens_sum: 1291370
n_tokens_avg: 129.137
n_tokens_median: 97.0
n_tokens_std: 117.37842050547466
n_tokens_lower_quartile: 60.0
n_tokens_upper_quartile: 158.0
n_sents_sum: 94252
n_sents_avg: 9.4252
n_sents_median: 7.0
n_sents_std: 11.397455644112679
n_sents_lower_quartile: 4.0
n_sents_upper_quartile: 11.0
