n_docs: 5416593
n_docs_sampled: 10000
n_tokens_sum: 947248
n_tokens_avg: 94.7248
n_tokens_median: 61.0
n_tokens_std: 105.09636620539722
n_tokens_lower_quartile: 33.0
n_tokens_upper_quartile: 117.0
n_sents_sum: 42206
n_sents_avg: 4.2206
n_sents_median: 3.0
n_sents_std: 4.268577950063883
n_sents_lower_quartile: 2.0
n_sents_upper_quartile: 5.0
