n_docs: 17405
n_docs_sampled: 10000
n_tokens_sum: 1052664
n_tokens_avg: 105.2664
n_tokens_median: 85.0
n_tokens_std: 88.20019364182737
n_tokens_lower_quartile: 54.0
n_tokens_upper_quartile: 131.0
n_sents_sum: 69126
n_sents_avg: 6.9126
n_sents_median: 5.0
n_sents_std: 6.460041366233296
n_sents_lower_quartile: 4.0
n_sents_upper_quartile: 8.0
